NL      PBL     CU      MP      LW      SW      SFC     LAND    URB     SHCU    TOPO
global  1       1       3       1       1       1       1       0       0       0
01      1       1       1       1       1       1       1       0       0       1
02      1       2       4       3       3       1       4       0       0       0
02GR    1       2       4       3       3       1       4       0       0       0
03      4       3       3       4       4       4       1       0       0       0
03DF    4       3       3       4       4       4       1       0       0       0
03FD    4       3       3       4       4       4       1       0       0       0
05      7       5       5       5       5       7       7       0       0       0
05AD    7       5       5       5       5       7       7       0       0       0
05FD    7       5       5       5       5       7       7       0       0       0
06      8       6       6       4       4       2       1       0       0       0
06BN    8       6       6       4       4       2       1       0       0       0
07      8       14      7       7       7       1       2       2       0       0
07NE    8       14      7       7       7       1       2       2       0       0
09      6       1       9       3       3       5       3       0       0       0
09QT    6       1       9       3       3       5       3       0       0       0
10      4       2       10      1       2       4       7       0       0       0
12      8       3       16      4       4       1       2       3       0       0
12GR    8       3       16      4       4       1       2       3       0       0
13      9       7       13      1       1       2       3       0       2       0
14      4       6       3       3       3       4       3       0       0       0
15      5       14      2       5       5       1       7       0       0       0
15AD    5       14      2       5       5       1       7       0       0       0
16      9       14      4       5       5       2       7       0       0       0
16BN    9       14      4       5       5       2       7       0       0       0
16DF    9       14      4       5       5       2       7       0       0       0
17      2       2       4       3       3       2       2       0       0       0
17AD    2       2       4       3       3       2       2       0       0       0
18      10      6       4       5       5       10      7       0       0       0
18BN    10      6       4       5       5       10      7       0       0       0
18DF    10      6       4       5       5       10      7       0       0       0
19      1       1       4       1       2       1       5       0       0       0
20      12      1       4       1       2       1       2       0       0       0
20NE    12      1       4       1       2       1       2       0       0       0
25      1       1       1       1       1       11      1       0       0       1
26      2       1       1       1       1       3       1       0       0       0
29      9       3       4       1       2       1       5       0       2       0
29QT    9       3       4       1       2       1       5       0       2       0
30      2       3       4       1       1       2       1       0       2       0
31      7       2       14      3       3       7       1       0       0       0
31AD    7       2       14      3       3       7       1       0       0       0
32      9       7       11      3       3       1       5       0       2       0
33      9       7       11      4       4       1       5       0       2       0
34      9       7       11      4       4       1       2       0       2       0
35      9       7       11      3       3       1       2       0       2       0
36      8       3       16      4       4       1       2       0       0       0
36GR    8       3       16      4       4       1       2       0       0       0
37      9       7       11      4       4       2       2       0       2       0
38      5       14      2       5       5       2       7       0       0       0
38AD    5       14      2       5       5       2       7       0       0       0
39      5       14      2       5       5       5       7       0       0       0
39AD    5       14      2       5       5       5       7       0       0       0
40      7       2       14      3       3       7       1       0       0       0
41      2       2       4       3       3       2       2       0       0       0
42      4       2       10      1       2       4       7       0       0       0
43      2       93      4       1       1       2       1       0       0       0
